PLTSOLVD=T
CRPIX1= 1.5045000000000000E+003
CRPIX2= 1.5045000000000000E+003
CRVAL1= 1.4894750222297651E+002
CRVAL2= 6.9360162184091493E+001
CDELT1= 4.4007270390751253E-004
CDELT2= 4.4005297309569102E-004
CROTA1= 2.8505349149249707E+001
CROTA2= 2.8511158898762918E+001
CD1_1= 3.8672381711074073E-004
CD1_2=-2.1002065137449595E-004
CD2_1= 2.1005044569611547E-004
CD2_2= 3.8668518124337296E-004
CMDLINE="C:\Program Files\astap\astap.exe" -f C:\Users\selen\Documents\puthon\590\CNV\CNV\starimg.fits -solve -r 180 -z 0
DIMENSIONS=3008 x 3008
WARNING=Warning inexact scale! Set FOV=1.32d or scale=1.6"/pix 
